184 145 55 34 - 191 146 189 174 6 90 187 15 84
151 169 163 10 59 171 156 105 31 172 165 28 133 100
142 108 2 67 82 18 139 48 37 144 25 35 46 83
148 29 154 180 80 188 179 124 86 94 97 20 136 49
- 89 40 126 64 22 193 72 93 176 168 143 76 141
38 92 47 69 173 119 192 14 63 13 155 122 130 54
51 68 81 4 120 43 134 41 111 170 17 58 98 88
30 147 131 44 115 162 73 91 178 186 159 57 79 71
166 150 153 77 104 95 185 118 101 128 66 61 183 116
125 3 27 177 160 87 137 78 5 109 181 70 9 190
33 164 26 140 52 194 96 132 24 152 1 123 45 114
16 121 8 65 182 161 50 149 167 112 75 106 138 60
117 102 129 74 19 62 113 12 85 135 32 23 127 53
56 7 103 107 99 110 158 36 11 39 42 21 157 175
