73 108 18 52 171 114 178 132 174 110 102 98 103 83
101 33 116 44 12 120 66 194 27 123 138 6 129 95
109 80 25 189 131 92 - 146 42 122 118 117 107 156
179 136 22 141 145 185 35 8 31 74 175 99 150 34
105 151 177 17 57 125 143 165 56 78 100 142 63 119
158 14 183 169 127 90 172 - 24 82 106 29 104 13
61 49 1 43 184 91 30 79 4 164 38 19 54 58
193 26 111 113 168 188 124 126 139 68 77 181 7 81
41 37 51 45 153 190 87 186 5 167 130 161 62 59
192 85 50 152 53 135 157 67 9 47 154 84 140 128
187 20 55 163 39 65 21 147 36 32 173 121 159 96
86 3 133 2 137 97 160 148 180 10 75 89 149 115
69 162 72 48 70 11 182 134 144 40 166 176 191 60
64 155 76 170 28 88 23 15 93 94 71 112 46 16
