119 36 41 89 79 101 127 191 85 13 14 149 151 148
15 136 125 162 16 35 108 177 156 105 129 78 77 96
184 123 147 8 17 150 26 12 155 34 59 11 164 23
7 88 128 115 86 120 166 124 192 56 137 44 106 176
112 160 28 107 186 171 43 102 95 143 68 145 188 18
131 117 100 161 194 187 121 193 80 118 152 61 29 27
153 10 97 90 157 103 104 190 9 94 173 6 42 52
178 5 158 62 31 67 19 75 76 53 2 141 24 74
21 51 65 170 72 49 98 37 48 25 133 135 165 -
144 154 189 181 4 57 174 73 114 159 84 183 82 3
163 - 167 40 81 70 134 45 46 39 146 113 60 180
30 130 168 20 175 126 91 64 99 38 172 33 179 93
54 138 55 50 140 66 32 83 142 92 47 139 69 71
111 122 63 116 110 182 1 22 185 132 58 169 87 109
