166 157 13 - 192 141 29 31 142 135 118 120 43 119
23 58 20 183 177 161 67 14 28 125 108 80 124 72
109 37 40 100 12 64 122 25 112 96 3 59 5 68
98 33 71 193 158 152 168 154 39 180 54 35 8 66
82 76 86 78 89 95 130 57 153 - 171 75 91 140
147 176 134 79 7 51 55 136 133 191 143 178 36 24
116 105 87 174 190 182 114 175 139 102 46 11 162 131
93 164 47 117 62 151 138 170 106 163 156 126 18 73
38 186 1 173 61 4 148 69 2 101 172 107 129 115
44 16 53 88 188 6 9 92 113 121 84 26 128 165
160 104 137 90 17 167 10 111 189 103 34 21 56 110
127 85 179 185 48 145 15 63 94 99 70 184 52 81
150 27 194 146 19 45 22 60 155 74 144 49 41 181
65 32 50 97 30 83 159 187 42 149 169 132 123 77
