24 14 130 165 106 41 145 157 87 99 - 31 110 132
103 134 151 144 66 16 46 50 11 183 54 30 40 154
131 188 19 29 186 94 176 140 37 98 45 74 166 193
189 191 52 122 180 56 169 175 118 67 160 174 127 158
6 128 13 117 36 171 120 125 150 93 141 64 101 190
115 170 8 73 35 146 90 15 12 152 89 70 80 163
161 147 155 48 95 126 97 44 187 84 53 162 65 129
148 88 156 77 76 71 177 86 178 112 109 26 78 82
111 139 9 25 69 143 121 133 168 181 17 49 23 173
182 58 138 184 92 33 142 194 124 81 62 85 - 63
75 185 4 108 100 1 172 18 107 72 123 27 61 20
28 119 79 3 102 57 105 34 113 164 60 167 192 149
179 47 136 5 10 21 114 7 116 137 39 55 43 153
59 83 104 135 159 38 22 96 68 2 32 51 91 42
