127 36 163 65 111 149 28 128 110 33 34 114 6 179
90 98 83 44 12 131 50 39 186 170 135 80 165 41
183 158 93 13 119 175 71 120 70 14 181 92 96 190
104 140 115 64 154 61 25 160 172 167 59 129 60 19
102 147 8 77 27 184 67 144 161 134 76 88 7 78
159 166 49 30 136 168 23 46 52 153 48 194 180 2
- 89 38 69 192 124 43 107 22 113 125 29 18 82
143 106 17 188 142 146 108 152 86 126 95 16 72 97
20 35 182 1 56 103 26 130 73 145 112 150 10 94
156 141 162 109 133 138 87 178 173 47 174 68 31 9
15 42 84 - 157 85 54 55 5 176 101 79 45 63
121 66 4 105 189 139 24 74 117 123 169 62 185 53
11 32 81 137 177 57 151 100 21 132 164 51 40 75
99 118 148 58 91 193 116 191 122 155 37 171 3 187
