69 124 95 128 80 52 51 194 185 164 109 177 36 57
22 26 67 5 146 172 187 192 123 41 183 7 44 -
79 60 159 115 118 39 75 20 2 33 88 135 73 3
30 56 153 102 15 190 148 83 61 142 173 171 37 12
66 82 8 35 165 174 18 77 90 119 31 140 112 24
133 1 188 49 162 166 107 86 127 96 193 180 160 106
81 91 53 175 46 65 144 64 63 11 126 176 42 156
108 9 178 114 189 84 169 184 25 68 134 122 72 34
116 147 121 14 125 29 179 145 16 158 43 186 32 137
59 58 132 70 129 130 181 74 143 103 113 155 10 168
62 152 47 111 93 170 110 45 151 150 167 13 17 105
94 131 141 117 23 104 54 97 120 50 101 40 28 85
38 6 19 - 99 139 149 163 87 191 71 92 78 161
27 182 76 48 154 157 89 21 98 100 55 138 4 136
