152 119 30 77 142 27 153 23 186 9 118 25 52 75
139 106 175 127 145 45 169 147 89 95 39 184 83 66
124 19 33 55 131 138 24 51 129 84 28 92 98 112
179 135 177 132 133 68 182 32 11 117 81 2 12 90
36 10 164 121 94 16 67 1 125 176 76 180 192 87
110 73 64 167 126 171 53 122 178 59 82 8 20 50
115 172 37 5 103 15 61 48 47 78 6 151 174 154
109 173 49 17 80 183 34 123 88 43 40 35 - 146
63 41 137 18 4 116 - 56 102 3 140 44 13 162
107 181 46 166 193 31 136 108 93 130 85 97 187 168
128 113 99 79 101 158 111 120 134 104 161 148 155 86
143 69 22 26 21 159 160 38 170 156 91 100 74 54
42 190 165 144 157 71 60 188 185 114 58 62 70 150
163 65 194 96 149 191 29 14 72 57 141 189 7 105
