14 96 141 66 150 117 133 23 67 104 9 13 38 177
174 81 148 80 127 147 48 40 193 27 130 182 191 84
137 188 82 20 3 64 34 28 33 157 102 128 89 60
171 106 113 85 145 163 112 7 62 129 57 125 168 11
6 176 - 110 111 54 42 121 155 74 47 72 160 19
35 87 162 158 192 109 31 75 8 115 90 22 120 126
184 135 180 2 132 12 173 43 179 30 79 29 - 10
123 36 189 44 183 65 95 83 86 138 25 103 139 78
116 24 94 70 45 97 185 153 118 172 68 122 71 1
17 194 166 169 100 99 26 175 69 46 164 144 76 61
107 18 41 178 51 131 114 105 59 124 21 16 108 49
92 53 63 159 151 187 15 143 154 93 56 134 98 58
136 156 181 146 161 101 77 50 91 52 170 165 32 152
5 167 88 140 39 149 190 55 186 142 73 37 4 119
