17 139 48 115 183 172 - 123 109 101 84 179 8 38
88 158 90 27 166 64 154 129 192 163 160 117 127 34
58 114 5 162 185 149 68 189 42 97 40 10 95 91
103 164 66 55 46 102 45 59 35 62 67 33 111 80
72 134 69 92 173 193 135 1 23 130 153 43 29 16
- 143 142 78 133 141 180 125 70 152 71 25 15 57
28 122 170 83 60 75 188 86 13 124 150 63 168 140
77 41 53 131 147 190 148 119 159 167 146 116 3 85
112 120 51 176 96 94 151 98 61 6 73 161 155 93
110 79 18 12 4 50 186 157 99 113 81 89 19 47
76 74 9 144 177 65 14 2 20 181 171 22 30 105
178 52 121 106 44 82 191 169 54 36 11 156 108 145
31 118 104 174 39 26 136 56 184 24 132 100 87 107
182 137 138 32 175 126 7 165 37 194 187 49 21 128
