12 36 192 133 11 28 20 71 152 158 127 184 98 188
187 185 81 6 51 42 143 131 1 45 15 172 90 167
62 82 151 116 88 180 154 161 124 169 135 - 14 87
68 119 147 117 18 179 149 9 13 75 105 5 92 67
190 34 3 66 109 69 168 46 171 83 182 29 153 59
30 173 25 78 163 137 97 77 159 139 38 104 55 72
166 53 102 120 132 164 145 156 91 4 142 118 26 70
7 61 43 100 181 84 128 74 194 22 189 175 193 123
99 122 80 157 10 24 40 56 39 106 160 65 150 162
48 50 140 148 49 107 21 93 141 144 54 32 112 134
174 183 8 101 186 17 76 176 111 108 114 63 130 58
103 27 2 64 121 79 35 23 113 47 41 155 85 86
177 96 16 57 19 89 126 165 94 37 170 110 33 44
31 95 60 73 136 125 191 138 52 129 146 - 178 115
