125 181 225 32 60 274 12 76 162 102 182 73 35 42 132 254 120
146 284 140 147 198 187 18 90 250 86 92 150 175 107 84 236 155
135 177 114 58 108 122 117 8 50 43 28 93 49 167 91 145 241
118 151 26 126 164 168 216 268 39 124 235 279 237 281 267 230 159
19 6 214 165 17 231 191 210 248 221 223 222 204 128 142 4 196
261 271 30 266 238 148 158 115 283 48 252 - 34 257 264 66 2
247 56 77 15 53 81 31 141 95 285 179 220 265 113 127 44 189
260 205 33 134 38 203 1 269 201 229 245 99 152 94 215 9 186
29 41 224 282 272 244 157 160 68 11 116 207 22 - 228 255 46
240 206 251 129 143 82 259 83 263 287 104 153 200 270 249 226 262
57 161 87 172 67 96 286 176 246 192 243 52 14 278 242 55 213
10 133 47 109 156 184 36 75 100 219 103 85 239 174 74 21 139
131 3 277 121 280 194 72 195 144 149 217 23 227 16 171 88 98
119 80 45 273 78 199 70 137 64 59 180 188 202 169 61 212 123
65 154 218 112 20 40 208 234 54 37 71 7 106 136 173 193 62
253 130 276 190 197 79 24 5 183 166 111 275 110 27 185 89 51
258 232 256 170 209 178 101 163 138 13 105 97 63 233 211 69 25
