59 280 125 39 278 106 98 228 188 227 79 282 10 266 256 251 165
76 238 54 124 212 174 129 27 222 40 177 255 172 199 273 67 132
37 195 211 145 226 137 271 190 179 105 102 183 166 58 43 23 246
279 234 3 109 136 264 269 81 18 66 149 215 - 24 35 50 104
167 220 285 196 176 38 21 134 138 103 213 - 88 178 229 70 186
118 281 6 123 225 184 44 69 64 131 112 11 182 90 270 17 150
95 202 258 83 274 254 1 26 164 216 240 63 147 168 249 141 55
275 80 203 230 30 115 163 244 13 28 207 15 53 47 56 77 257
161 200 153 205 119 93 189 181 74 41 243 86 65 22 192 219 144
72 253 7 171 140 154 262 235 94 263 25 221 143 209 100 242 127
193 57 78 87 75 267 198 217 46 151 146 261 45 224 89 91 8
122 9 185 206 158 268 245 148 231 169 128 85 191 197 287 34 19
32 84 120 108 33 126 218 265 49 236 133 204 110 135 187 114 175
36 284 239 52 121 116 61 5 29 60 96 247 139 82 259 250 170
31 194 252 159 162 173 277 241 152 99 68 62 2 283 272 4 16
276 155 117 208 156 111 260 237 142 180 101 92 20 286 12 113 73
233 160 223 42 97 214 201 130 107 157 51 248 232 48 210 14 71
