30 237 - 241 135 - 52 283 195 284 157 259 133 163 176 122 17
170 165 173 285 124 240 220 62 100 56 208 130 238 190 113 12 107
275 164 286 26 253 162 1 11 187 60 46 179 34 282 219 119 82
269 136 224 115 108 150 47 102 273 43 223 171 251 252 175 247 86
203 216 197 210 139 101 16 28 287 185 268 211 36 209 84 103 267
260 215 257 148 41 68 153 264 37 229 63 202 90 207 77 177 120
272 180 128 99 181 85 233 66 18 75 111 199 42 19 234 160 262
118 217 214 141 105 73 193 246 142 147 149 6 151 172 109 205 92
132 174 51 194 2 186 67 25 263 231 117 279 184 274 33 191 14
5 49 189 104 69 178 71 226 53 236 65 266 239 8 40 235 54
270 230 45 204 134 258 80 248 91 10 64 93 152 97 255 146 76
24 83 232 256 88 254 31 27 123 112 278 35 225 116 50 44 94
188 9 206 143 271 182 20 138 161 245 59 74 3 167 70 183 250
158 159 249 4 242 15 198 201 227 106 168 137 140 39 29 155 145
13 22 79 196 277 126 81 228 58 243 95 261 244 87 110 23 221
61 131 125 281 96 166 121 98 7 192 129 89 213 57 32 78 72
38 222 218 21 144 154 156 55 212 48 265 280 200 169 127 276 114
