280 154 165 10 88 215 325 241 37 309 365 383 244 315 - 46 175 3 206 129
385 42 81 64 208 93 86 250 238 58 293 259 17 386 186 - 281 16 384 39
296 314 275 393 306 2 178 36 200 341 344 299 52 212 380 256 214 225 368 103
194 108 338 185 115 73 202 294 346 369 311 363 138 286 278 219 253 370 21 362
331 136 143 151 247 301 161 317 141 330 137 91 379 119 40 155 192 254 209 180
345 197 364 232 205 266 279 228 164 304 121 376 285 329 213 308 79 270 307 367
339 398 387 347 142 342 240 265 198 316 390 1 201 252 264 203 44 229 56 231
193 54 313 70 349 392 68 124 97 75 283 63 61 170 89 396 395 277 195 101
5 340 19 111 146 96 45 190 23 34 269 234 33 181 323 156 273 204 50 132
377 66 78 217 148 144 233 348 318 263 94 157 394 246 102 162 35 113 353 258
248 4 271 282 366 84 357 150 125 14 15 303 191 166 300 169 127 373 29 343
183 18 149 360 295 239 297 327 28 168 110 378 288 355 120 276 216 60 251 236
77 389 7 196 361 261 80 38 337 49 48 320 176 243 30 372 290 131 140 356
211 172 100 199 272 114 326 328 292 163 12 47 26 167 67 41 24 358 382 260
351 31 223 189 72 324 95 130 179 302 106 187 335 118 112 319 147 62 226 92
222 57 85 388 152 98 371 69 257 145 174 171 397 242 126 298 374 25 105 267
8 99 268 333 354 76 287 312 90 9 220 135 116 221 274 359 128 336 59 71
184 245 224 291 334 188 11 87 55 321 207 122 104 322 6 227 182 133 158 177
83 51 218 173 332 284 22 230 352 310 32 117 74 109 27 235 391 153 65 82
139 13 43 381 159 53 350 160 20 134 237 305 210 107 262 249 289 123 255 375
