125 113 160 50 135 67 112 146 101 120 178 165 157 97
189 21 81 65 110 52 26 132 38 39 15 37 29 84
147 182 16 66 89 133 1 188 192 4 76 - 88 129
3 144 60 154 31 116 102 141 77 181 126 86 13 68
122 158 73 123 109 173 104 152 34 80 33 149 7 51
115 93 45 96 121 117 27 139 72 131 156 155 59 194
118 48 46 169 35 143 10 53 14 193 58 8 75 159
130 - 175 150 145 138 17 187 177 136 172 148 79 30
43 82 70 103 142 124 92 176 63 119 191 55 168 24
162 180 11 137 153 183 9 49 44 42 185 25 171 6
78 98 151 32 105 174 57 54 90 87 47 85 19 83
170 69 108 127 166 128 74 164 107 62 91 140 64 94
167 111 186 190 95 71 41 99 36 5 114 184 20 100
161 18 40 12 163 23 22 28 2 134 61 56 106 179
