27 138 56 69 53 90 172 49 156 85 120 117 80 194
50 11 36 96 76 121 189 105 - 64 181 159 111 24
115 184 169 97 149 136 114 103 95 33 168 125 174 185
20 94 99 3 72 65 100 129 107 61 148 151 67 177
45 82 66 6 187 16 186 142 123 15 40 147 154 32
139 112 14 41 73 104 116 157 109 173 84 145 12 29
119 190 - 143 122 193 110 54 60 180 63 146 7 155
89 192 52 98 68 137 93 37 1 164 130 28 183 135
2 101 191 158 131 5 13 106 188 70 77 134 23 46
127 182 86 152 178 175 128 26 171 167 165 176 35 87
162 9 38 118 132 150 43 170 163 30 31 102 78 21
58 83 19 161 126 140 74 179 88 8 81 39 62 153
10 18 144 25 48 166 4 113 124 34 79 59 57 92
71 44 42 160 75 22 47 108 141 17 51 91 133 55
