121 1 19 75 96 163 5 112 86 119 29 129 183 186
120 188 101 25 45 66 182 123 106 189 180 176 125 -
4 - 42 50 60 107 41 161 46 155 49 22 37 36
162 69 79 91 166 80 139 177 142 17 51 81 143 59
11 28 158 88 137 84 168 57 43 58 130 175 160 71
7 174 72 47 148 152 95 170 153 151 55 104 117 178
89 73 40 105 138 110 149 99 185 78 20 34 6 113
64 127 77 167 83 54 38 68 181 53 85 8 116 14
169 132 30 136 154 13 24 27 157 109 61 52 144 94
191 145 102 172 146 133 33 9 114 111 190 124 65 12
97 10 67 39 63 35 122 159 156 70 173 164 21 140
100 147 90 135 23 18 98 2 93 131 74 194 26 103
76 128 150 32 82 44 193 134 56 48 165 141 31 62
92 179 3 118 115 171 126 87 15 192 16 184 187 108
