114 90 57 165 190 102 19 84 49 4 6 136 79 184
54 25 28 177 86 33 11 159 112 93 82 125 105 87
39 38 127 75 182 181 23 141 34 103 122 135 44 118
131 168 101 12 104 134 63 95 116 115 27 2 193 143
149 146 92 162 35 176 83 77 7 138 20 183 73 166
26 129 111 65 179 94 171 47 161 164 156 16 120 43
8 29 31 148 154 22 70 186 68 189 80 126 71 96
113 178 69 67 153 89 175 133 140 61 152 172 188 14
5 145 99 123 160 62 50 37 174 17 81 144 40 46
3 21 151 142 158 66 130 32 107 98 48 157 170 187
106 58 85 74 185 24 18 41 173 191 163 78 36 121
119 100 72 97 53 88 56 194 1 52 124 192 132 139
60 109 13 64 137 110 117 10 128 167 169 42 - 55
150 108 9 76 147 59 - 45 155 51 15 30 91 180
