32 136 36 154 160 20 27 82 110 174 47 128 63 158
75 97 39 127 53 167 83 133 139 78 13 4 121 180
17 130 18 103 190 144 71 114 161 149 153 120 93 60
163 142 112 59 52 185 16 11 94 122 30 76 129 31
135 - 80 116 117 25 183 21 181 89 88 86 90 84
108 67 102 141 1 105 101 166 132 74 92 109 46 124
125 48 178 172 69 54 49 171 37 113 2 56 55 118
138 107 40 14 182 184 175 177 159 33 123 85 104 134
3 164 72 194 147 73 6 186 5 137 191 77 38 157
168 62 26 99 41 70 10 189 173 24 131 115 66 100
146 65 165 95 169 192 150 35 45 119 140 42 81 188
44 12 50 57 29 145 193 96 87 28 179 51 68 111
22 9 126 91 162 23 79 152 7 151 34 143 61 156
176 170 - 43 148 58 8 155 187 15 19 98 64 106
