131 110 73 103 142 140 173 1 12 20 159 193 180 53
106 112 183 16 170 60 30 89 176 41 160 97 93 119
166 40 56 4 37 134 105 96 61 65 121 3 49 152
67 19 9 17 86 42 77 104 108 92 33 124 76 187
163 26 46 174 154 90 95 138 35 14 54 50 36 87
8 99 116 39 82 153 175 71 126 123 2 194 6 117
57 171 44 23 151 169 177 129 158 5 52 145 18 21
191 179 127 70 137 130 22 7 136 25 15 109 27 178
185 139 - 83 13 144 133 10 59 64 168 186 43 114
157 48 188 66 55 34 172 125 94 84 184 115 62 141
122 63 146 24 181 149 148 111 135 31 113 143 81 58
79 120 38 75 101 - 192 132 47 32 29 100 28 161
11 107 156 102 91 147 164 118 189 80 190 155 167 150
98 74 85 165 182 72 51 88 45 69 128 68 78 162
