161 22 2 50 67 110 144 11 - 90 139 146 112 60
43 12 113 66 9 57 56 101 91 52 184 194 89 37
164 26 149 117 85 73 163 63 168 105 182 98 140 33
189 44 79 111 134 178 40 77 165 180 86 14 69 4
193 160 129 3 34 137 6 64 10 145 190 30 82 32
55 131 169 157 92 153 126 132 39 170 15 176 151 154
38 123 122 87 143 192 18 167 16 102 8 - 76 152
49 187 17 128 179 35 185 100 181 186 62 174 177 141
41 166 125 78 13 88 28 25 135 142 118 72 80 94
61 1 148 45 109 47 138 71 158 68 172 136 59 75
188 31 96 65 155 93 58 7 46 127 70 121 81 119
84 183 99 53 130 191 36 106 83 173 95 124 48 147
116 107 150 159 133 162 27 24 21 115 104 74 23 108
171 103 54 42 114 19 29 156 120 5 175 20 97 51
