110 57 170 98 22 78 19 39 117 52 166 111 138 67
80 104 35 60 147 63 143 64 122 46 136 134 85 36
159 65 139 48 73 188 11 82 94 24 43 37 9 92
191 68 32 178 140 42 100 161 27 71 174 144 30 50
90 107 186 97 83 183 160 99 190 121 167 181 6 115
8 163 4 179 49 13 135 108 130 119 89 34 33 184
116 72 84 40 93 146 91 86 150 58 44 152 12 54
180 53 17 158 61 132 137 142 125 25 123 114 51 194
164 173 81 10 66 2 45 47 - 79 127 185 175 124
171 118 95 102 145 28 41 148 74 31 157 14 168 101
62 88 154 155 113 162 - 182 112 149 18 105 192 131
77 106 151 21 69 165 126 56 128 75 187 141 23 153
38 76 193 129 16 3 29 176 177 120 109 7 96 55
133 156 189 169 26 70 59 20 103 5 1 15 87 172
