108 101 177 119 140 86 127 31 151 19 16 22 106 188
156 167 160 158 142 76 4 185 61 5 131 7 123 147
173 150 54 11 24 187 18 168 112 - - 98 175 166
87 115 32 194 159 105 178 34 126 52 60 111 163 99
136 64 50 141 192 80 117 165 148 10 75 170 45 116
35 132 143 154 153 27 107 96 49 43 21 190 78 71
23 135 63 79 84 25 69 133 82 70 42 145 122 9
81 12 180 44 90 97 164 38 89 130 74 176 17 39
179 125 189 161 28 55 174 53 129 72 162 193 73 93
114 109 59 58 65 138 47 102 110 183 37 152 157 77
155 41 146 169 13 100 3 15 182 29 1 51 83 30
137 139 149 121 6 181 48 67 40 92 184 95 14 172
26 91 104 134 103 8 94 85 20 144 62 68 88 66
113 57 128 36 33 120 124 171 2 186 118 56 46 191
