131 111 157 107 9 97 118 191 153 161 34 95 143 108
127 26 172 16 134 24 119 120 177 92 179 61 86 96
38 32 147 5 189 65 149 42 51 109 55 171 21 132
81 14 188 122 98 10 50 99 12 137 4 194 178 186
176 129 94 53 23 160 154 63 117 71 173 166 8 91
46 - 104 169 15 185 106 35 101 82 183 6 27 113
163 125 156 159 60 17 48 31 33 75 11 133 151 88
22 140 139 145 37 130 152 41 187 128 175 45 20 89
30 36 164 66 39 126 162 13 168 29 193 3 18 28
192 85 25 148 93 184 44 - 102 43 59 77 155 112
74 58 142 144 180 146 136 67 100 72 49 165 115 141
62 90 123 116 80 124 182 190 52 83 181 54 158 121
1 64 174 56 76 138 57 70 79 69 78 68 105 2
73 135 170 150 84 40 7 167 87 110 114 103 47 19
