171 27 190 43 185 122 66 46 175 18 68 84 89 159
156 107 77 189 83 109 146 130 161 139 79 55 119 72
47 - 42 41 34 131 86 124 123 142 71 94 39 6
98 78 28 21 15 188 191 48 91 172 132 120 147 16
49 127 187 183 177 45 152 38 115 5 13 186 23 192
4 9 76 11 75 32 193 60 53 103 - 145 59 150
17 105 37 90 26 168 114 176 10 95 128 112 144 31
180 100 81 164 108 40 102 44 155 73 158 12 104 56
52 65 149 181 110 184 182 97 25 61 129 111 135 2
35 96 57 33 92 63 24 93 151 170 165 162 3 36
125 116 174 64 62 126 51 58 80 113 88 178 179 87
22 141 106 74 173 85 14 29 167 137 169 117 69 136
163 194 121 54 133 70 157 138 1 50 67 154 148 7
30 153 20 118 19 99 134 143 82 8 166 101 140 160
