126 224 189 118 190 187 67 281 112 156 227 236 75 50 163 268 273
143 7 180 264 270 246 102 47 124 39 208 - 210 120 164 57 253
170 285 58 36 113 241 109 119 77 206 85 92 150 64 274 287 168
95 82 40 54 238 169 86 175 115 12 193 233 94 28 147 84 17
134 100 62 250 226 74 172 38 5 231 232 105 165 4 278 93 46
49 222 184 16 123 185 78 230 140 254 32 220 228 10 63 35 65
240 202 243 80 192 234 125 171 161 260 42 258 212 131 200 139 101
223 106 215 18 266 263 186 103 145 153 43 221 197 188 280 265 157
136 201 8 196 283 198 176 2 31 173 108 162 135 97 183 72 261
19 158 122 91 60 279 71 277 251 15 56 275 239 237 235 41 218
214 55 177 205 89 155 1 127 199 152 61 53 154 219 99 181 252
256 88 81 229 225 271 13 257 111 195 110 107 87 33 25 3 159
141 68 20 23 129 121 66 244 14 213 37 70 76 21 216 34 52
26 262 217 160 276 204 45 248 27 178 269 - 104 22 267 83 44
211 142 182 146 128 133 282 284 132 242 151 245 167 209 96 51 247
194 259 48 137 9 11 59 98 116 30 29 174 90 24 179 191 79
149 69 6 73 138 148 130 117 166 144 255 272 286 203 207 249 114
