64 139 10 225 80 130 177 38 12 143 207 226 57 265 81 206 136
208 8 282 218 202 69 196 151 59 253 75 110 127 228 37 117 82
179 - 56 141 190 84 259 261 277 286 188 200 185 39 148 250 1
60 93 21 124 217 284 16 108 19 254 71 205 169 51 112 79 209
94 175 176 246 159 122 4 272 42 237 210 178 22 278 186 258 78
247 235 167 281 242 91 220 73 222 11 152 191 260 248 - 172 92
25 109 164 155 104 273 118 276 252 187 264 85 211 28 180 101 14
158 7 49 238 116 70 257 5 232 46 201 262 194 66 199 183 173
166 33 149 174 161 216 268 193 63 9 114 287 50 279 240 267 189
181 213 144 150 142 113 163 77 30 203 231 244 230 20 236 40 241
280 204 221 145 182 245 102 168 137 55 285 105 134 283 111 96 106
234 88 62 115 89 227 41 36 128 192 123 153 13 251 29 126 215
98 48 67 83 140 54 45 219 156 212 68 6 24 171 31 86 138
58 53 131 233 266 170 107 197 52 239 224 263 132 43 103 100 270
61 18 120 223 35 195 184 97 65 165 125 160 44 154 15 87 198
157 99 274 76 249 133 275 135 271 162 129 34 23 269 95 3 146
72 243 74 26 90 119 214 121 229 2 17 255 147 256 27 47 32
