55 26 52 269 75 175 284 78 118 82 227 92 12 208 147 179 20
178 10 - 236 243 81 157 14 114 127 187 266 205 39 152 222 128
260 229 285 45 - 176 9 224 46 247 286 122 3 5 121 93 124
186 137 28 71 170 156 34 59 191 181 89 69 51 23 188 219 50
105 141 112 275 140 278 257 139 210 228 270 57 177 251 200 144 36
253 13 153 159 133 199 173 234 134 287 38 161 35 160 258 54 8
6 104 252 103 33 18 16 85 169 32 64 66 74 87 164 60 2
214 163 226 27 76 80 273 166 101 24 231 22 116 185 155 123 182
197 221 158 246 100 98 162 17 206 256 220 96 83 259 235 274 72
97 215 207 73 111 202 119 193 90 95 184 172 272 53 198 249 209
168 131 58 245 223 233 143 68 238 149 135 276 44 240 11 84 130
94 225 115 47 109 148 244 7 138 265 192 218 126 211 125 151 108
262 63 106 203 145 239 248 217 263 120 255 43 107 196 49 261 277
167 37 283 250 86 102 40 88 242 21 165 150 56 201 146 216 117
41 264 154 30 77 271 65 1 180 267 232 213 254 48 4 15 280
237 183 174 70 99 230 136 268 241 194 212 129 195 91 67 282 132
142 190 281 62 61 42 171 31 29 79 279 113 25 189 110 204 19
